{
 "cells": [
  {
   "cell_type": "markdown",
   "id": "069ecf9c",
   "metadata": {},
   "source": [
    "# Detecting network intrusions & anomalies with higher-order topological kernels via quantum computation "
   ]
  },
  {
   "cell_type": "markdown",
   "id": "9408a7b2",
   "metadata": {},
   "source": [
    "### 0. CONSTRUCTING NUMPY DATASETS"
   ]
  },
  {
   "cell_type": "code",
   "execution_count": 95,
   "id": "89d92e65",
   "metadata": {},
   "outputs": [],
   "source": [
    "import pandas as pd\n",
    "import numpy as np\n",
    "\n",
    "# Load the CSV from big dataset\n",
    "filename = 'BCCC-CIC-CSE-IDS2018/Friday-02-03-2018/friday_02_03_2018_bot/friday_02_03_2018_bot.csv'\n",
    "\n",
    "# Load the first 50 rows\n",
    "df = pd.read_csv(filename, nrows=500)\n",
    "\n",
    "# Select the top 5 anomaly-related features\n",
    "selected_features = [\n",
    "    'total_payload_bytes',\n",
    "    'bytes_rate',\n",
    "    'packets_rate',\n",
    "    'avg_segment_size',\n",
    "    'duration',\n",
    "    'fwd_bytes_rate',\n",
    "    'bwd_bytes_rate',\n",
    "    'syn_flag_counts'\n",
    "\n",
    "]\n",
    "\n",
    "# Extract the relevant features\n",
    "features_df = df[selected_features]\n",
    "\n",
    "# # Save as CSV\n",
    "# features_df.to_csv('CSV-500-botnet-benign.csv', index=False)\n",
    "\n",
    "# Save as a NumPy array\n",
    "features_array = features_df.to_numpy()\n",
    "np.save('500-botnet-attack.npy', features_array)\n"
   ]
  },
  {
   "cell_type": "markdown",
   "id": "b07fad16",
   "metadata": {},
   "source": [
    "## BEGIN - TRAINING VECTORS & LOAD DATA"
   ]
  },
  {
   "cell_type": "code",
   "execution_count": 19,
   "id": "d02e7383",
   "metadata": {},
   "outputs": [],
   "source": [
    "from sklearn.svm import SVC\n",
    "from sklearn.model_selection import train_test_split\n",
    "import numpy as np\n",
    "from quask.core import Ansatz, Kernel, KernelFactory, KernelType\n",
    "\n",
    "from quask.core_implementation import QiskitKernel"
   ]
  },
  {
   "cell_type": "code",
   "execution_count": 20,
   "id": "972c350b",
   "metadata": {},
   "outputs": [],
   "source": [
    "import pandas as pd\n",
    "\n",
    "# Specify the columns you want to load\n",
    "# cols = [\"duration\", \"packets_rate\", \"total_payload_bytes\", \"syn_flag_counts\", \"avg_segment_size\", \"fwd_bytes_rate\", \"bwd_bytes_rate\", \"ack_flag_counts\", \"fwd_avg_segment_size\", \"packets_count\", \"bytes_rate\", \"avg_fwd_bytes_per_bulk\", \"idle_mean\", \"fwd_packets_IAT_mean\", \"payload_bytes_variance\"]\n",
    "\n",
    "cols = [\"duration\", \"packets_rate\", \"total_payload_bytes\", \"bytes_rate\", \"syn_flag_counts\", \"avg_segment_size\", \"fwd_bytes_rate\", \"bwd_bytes_rate\"]\n",
    "\n",
    "# Load only the first 200 rows and selected columns\n",
    "qX1 = pd.read_csv(\n",
    "    'BCCC-CIC-CSE-IDS2018/Friday-02-03-2018/friday_02_03_2018_benign/friday_02_03_2018_benign.csv',\n",
    "    usecols=cols,\n",
    "    nrows=20\n",
    ").to_numpy()\n",
    "\n",
    "qX2 = pd.read_csv(\n",
    "    'BCCC-CIC-CSE-IDS2018/Friday-02-03-2018/friday_02_03_2018_bot/friday_02_03_2018_bot.csv',\n",
    "    usecols=cols,\n",
    "    nrows=20\n",
    ").to_numpy()"
   ]
  },
  {
   "cell_type": "code",
   "execution_count": 21,
   "id": "41d3eaf7",
   "metadata": {},
   "outputs": [],
   "source": [
    "# qX1 = np.load('loicbenign_200.npy', allow_pickle=True)\n",
    "# qX2 = np.load('loicattack_200.npy', allow_pickle=True)"
   ]
  },
  {
   "cell_type": "code",
   "execution_count": 22,
   "id": "7bb74eb5",
   "metadata": {},
   "outputs": [],
   "source": [
    "# columns = [3, 4, 5, 6, 7, 8, 9, 10]\n",
    "# qX1 = qX1[:50,columns]\n",
    "# qX2 = qX2[:50,columns]"
   ]
  },
  {
   "cell_type": "code",
   "execution_count": 23,
   "id": "7f3b6b44",
   "metadata": {},
   "outputs": [
    {
     "name": "stdout",
     "output_type": "stream",
     "text": [
      "qX.shape=(40, 8)\n",
      "qy.shape=(40,)\n"
     ]
    }
   ],
   "source": [
    "qX = np.row_stack([qX1, qX2])\n",
    "qy = np.array([-1] * len(qX1) + [1] * len(qX2))\n",
    "\n",
    "print(f\"{qX.shape=}\")\n",
    "print(f\"{qy.shape=}\")"
   ]
  },
  {
   "cell_type": "code",
   "execution_count": 24,
   "id": "3a4a2b37",
   "metadata": {},
   "outputs": [
    {
     "name": "stdout",
     "output_type": "stream",
     "text": [
      "Shape training set: (32, 8) (32,)\n",
      "Shape testing set: (8, 8) (8,)\n",
      "Example of feature: [1.11651421e-02 4.55000000e+02 5.05555556e+01 4.07518326e+04\n",
      " 2.91980163e+04 1.15538163e+04 8.06080205e+02 2.00000000e+00]\n",
      "Example of label: 1\n"
     ]
    }
   ],
   "source": [
    "qX_train, qX_test, qy_train, qy_test = train_test_split(qX, qy, test_size=0.2, random_state=42)\n",
    "\n",
    "print(\"Shape training set:\", qX_train.shape, qy_train.shape)\n",
    "print(\"Shape testing set:\", qX_test.shape, qy_test.shape)\n",
    "print(\"Example of feature:\", qX_train[0])\n",
    "print(\"Example of label:\", qy_train[0])"
   ]
  },
  {
   "cell_type": "code",
   "execution_count": 25,
   "id": "ffa3ac32",
   "metadata": {},
   "outputs": [],
   "source": [
    "# Instantiate a machine learning model\n",
    "model = SVC(kernel='precomputed')"
   ]
  },
  {
   "cell_type": "markdown",
   "id": "2ea97085",
   "metadata": {},
   "source": [
    "## BUILD QUANTUM KERNEL"
   ]
  },
  {
   "cell_type": "code",
   "execution_count": 26,
   "id": "8cd00047",
   "metadata": {},
   "outputs": [
    {
     "name": "stderr",
     "output_type": "stream",
     "text": [
      "/tmp/ipykernel_3200/4017431399.py:17: DeprecationWarning: The \"ibm_quantum\" channel option is deprecated and will be sunset on 1 July. After this date, \"ibm_cloud\", \"ibm_quantum_platform\", and \"local\" will be the only valid channels. Open Plan users should migrate now.  All other users should review the migration guide (https://quantum.cloud.ibm.com/docs/migration-guides/classic-iqp-to-cloud-iqp)to learn when to migrate.\n",
      "  _service = QiskitRuntimeService()  # ensure credentials/configured\n"
     ]
    }
   ],
   "source": [
    "from quask.core_implementation.qiskit_kernel import QiskitKernel\n",
    "from quask.core import KernelType\n",
    "from qiskit_ibm_runtime import QiskitRuntimeService, Session, Sampler\n",
    "\n",
    "# SIMULATED AER BACKEND\n",
    "def create_qiskit_noiseless(ansatz, measurement: str, type: KernelType):\n",
    "    # Here platform=\"infty_shots\" forces Estimator/Aer path inside QiskitKernel\n",
    "    return QiskitKernel(\n",
    "        ansatz,\n",
    "        measurement,\n",
    "        type,\n",
    "        platform=\"infty_shots\",\n",
    "        n_shots=None  # None means no sampling, use statevector/estimator\n",
    "    )\n",
    "\n",
    "# REAL QUANTUM BACKEND\n",
    "_service = QiskitRuntimeService()  # ensure credentials/configured\n",
    "backend = _service.backend(\"ibm_rensselaer\", instance=\"rpi-rensselaer/classes/itws-4940-callab\")\n",
    "options = {\n",
    "    \"dynamical_decoupling\": {\"sequence_type\": \"XX\", \"enable\": False},\n",
    "    \"twirling\": {\"enable_gates\": False, \"enable_measure\": False, \"num_randomizations\": \"auto\", \"shots_per_randomization\": \"auto\"}\n",
    "}\n",
    "\n",
    "# Example factory for a real IBM backend with given options\n",
    "def create_qiskit_ibm(ansatz, measurement: str, type: KernelType):\n",
    "    return QiskitKernel(\n",
    "        ansatz,\n",
    "        measurement,\n",
    "        type,\n",
    "        platform=\"ibm_quantum\",    # or leave default so QiskitKernel picks job mode\n",
    "        n_shots=2048,\n",
    "        options=options,\n",
    "        backend=backend,\n",
    "    )"
   ]
  },
  {
   "cell_type": "markdown",
   "id": "462b6cf2",
   "metadata": {},
   "source": [
    "Add to Factory"
   ]
  },
  {
   "cell_type": "code",
   "execution_count": 28,
   "id": "ba7c99b8",
   "metadata": {},
   "outputs": [],
   "source": [
    "from quask.core import KernelFactory, Ansatz\n",
    "\n",
    "# Register the noiseless factory\n",
    "# KernelFactory.add_implementation('qiskit_noiseless', create_qiskit_noiseless)\n",
    "# Register the IBM backend factory\n",
    "# KernelFactory.add_implementation('qiskit_ibm', create_qiskit_ibm)\n",
    "\n",
    "# Choose which one is the default for create_kernel calls:\n",
    "# KernelFactory.set_current_implementation('qiskit_noiseless')\n",
    "# ...later, if you want to switch:\n",
    "KernelFactory.set_current_implementation('qiskit_ibm')"
   ]
  },
  {
   "cell_type": "markdown",
   "id": "5c620c41",
   "metadata": {},
   "source": [
    "Define ansatz ops"
   ]
  },
  {
   "cell_type": "code",
   "execution_count": 29,
   "id": "548d9206",
   "metadata": {},
   "outputs": [],
   "source": [
    "ansatz = Ansatz(n_features=8, n_qubits=8, n_operations=8)\n",
    "ansatz.initialize_to_identity()\n",
    "# e.g. set operations...\n",
    "ansatz.change_operation(0, new_feature=0, new_wires=[0, 1], new_generator=\"XX\", new_bandwidth=0.1)\n",
    "ansatz.change_operation(1, new_feature=1, new_wires=[1, 2], new_generator=\"XY\", new_bandwidth=0.1)\n",
    "ansatz.change_operation(2, new_feature=2, new_wires=[2, 3], new_generator=\"XZ\", new_bandwidth=0.1)\n",
    "ansatz.change_operation(3, new_feature=3, new_wires=[3, 0], new_generator=\"YX\", new_bandwidth=0.1)\n",
    "ansatz.change_operation(4, new_feature=4, new_wires=[0, 1], new_generator=\"YY\", new_bandwidth=0.1)\n",
    "ansatz.change_operation(5, new_feature=5, new_wires=[1, 2], new_generator=\"YZ\", new_bandwidth=0.1)\n",
    "ansatz.change_operation(6, new_feature=6, new_wires=[2, 3], new_generator=\"ZX\", new_bandwidth=0.1)\n",
    "ansatz.change_operation(7, new_feature=7, new_wires=[3, 0], new_generator=\"ZY\", new_bandwidth=0.1)\n",
    "\n",
    "# ansatz.change_operation(8, new_feature=8, new_wires=[0, 1], new_generator=\"XX\", new_bandwidth=0.1)\n",
    "# ansatz.change_operation(9, new_feature=9, new_wires=[1, 2], new_generator=\"XY\", new_bandwidth=0.1)\n",
    "# ansatz.change_operation(10, new_feature=10, new_wires=[2, 3], new_generator=\"XZ\", new_bandwidth=0.1)\n",
    "# ansatz.change_operation(11, new_feature=11, new_wires=[3, 0], new_generator=\"YX\", new_bandwidth=0.1)\n",
    "# ansatz.change_operation(12, new_feature=12, new_wires=[0, 1], new_generator=\"YY\", new_bandwidth=0.1)\n",
    "# ansatz.change_operation(13, new_feature=13, new_wires=[1, 2], new_generator=\"ZX\", new_bandwidth=0.1)\n",
    "# ansatz.change_operation(14, new_feature=14, new_wires=[2, 3], new_generator=\"ZY\", new_bandwidth=0.1)\n"
   ]
  },
  {
   "cell_type": "markdown",
   "id": "582b8ada",
   "metadata": {},
   "source": [
    "Create KernelFactory"
   ]
  },
  {
   "cell_type": "code",
   "execution_count": 31,
   "id": "0d2c8b32",
   "metadata": {},
   "outputs": [],
   "source": [
    "kernel = KernelFactory.create_kernel(ansatz, \"ZZZZZZZZ\", KernelType.FIDELITY)\n",
    "\n",
    "kernel.service = _service # This will invoke whichever implementation is current (e.g., create_qiskit_noiseless)."
   ]
  },
  {
   "cell_type": "markdown",
   "id": "017f5c71",
   "metadata": {},
   "source": [
    "Set up a Session"
   ]
  },
  {
   "cell_type": "code",
   "execution_count": 32,
   "id": "01b44798",
   "metadata": {},
   "outputs": [
    {
     "name": "stdout",
     "output_type": "stream",
     "text": [
      "Number of circuits (isa_circuits):  496\n"
     ]
    },
    {
     "name": "stderr",
     "output_type": "stream",
     "text": [
      "/mnt/c/users/maryc/onedrive/desktop/Quantum Research 2025/.venv/lib/python3.10/site-packages/qiskit_ibm_runtime/qiskit_runtime_service.py:1129: UserWarning: IBM Quantum Platform is moving, and this version will be sunset on July 1. To get started on the new platform, read the migration guide at https://docs.quantum.ibm.com/migration-guides/classic-iqp-to-cloud-iqp\n",
      "  warnings.warn(warning_message)\n"
     ]
    },
    {
     "name": "stdout",
     "output_type": "stream",
     "text": [
      "Job sent to hardware. Job ID: d1gz91m3grvg008ngy1g\n",
      "Job sent to hardware. Job ID: d1gza00n2txg008ewc8g\n",
      "Job sent to hardware. Job ID: d1gzayk5z6q0008q6v40\n",
      "Job sent to hardware. Job ID: d1gzbx7n2txg008ewch0\n",
      "Job sent to hardware. Job ID: d1gzcw35z6q0008q6vd0\n",
      "Job sent to hardware. Job ID: d1gzdv7qf56g0080j64g\n",
      "Job sent to hardware. Job ID: d1gzeskn2txg008ewcz0\n",
      "[[1.         0.04833984 0.12939453 0.14404297 0.08837891 0.08154297\n",
      "  0.12402344 0.14013672 0.08056641 0.01855469 0.17675781 0.14697266\n",
      "  0.15380859 0.06884766 0.13427734 0.18505859 0.30322266 0.29248047\n",
      "  0.10742188 0.12207031 0.06982422 0.14404297 0.12109375 0.08691406\n",
      "  0.05419922 0.28417969 0.08740234 0.13330078 0.08007812 0.06982422\n",
      "  0.11816406 0.18603516]\n",
      " [0.04833984 1.         0.09570312 0.09521484 0.29394531 0.07177734\n",
      "  0.06054688 0.05322266 0.40478516 0.09716797 0.15478516 0.06738281\n",
      "  0.07324219 0.56396484 0.05175781 0.07617188 0.18017578 0.11767578\n",
      "  0.09375    0.16552734 0.05175781 0.05615234 0.05566406 0.09277344\n",
      "  0.88818359 0.078125   0.05175781 0.19824219 0.109375   0.23144531\n",
      "  0.05078125 0.11035156]\n",
      " [0.12939453 0.09570312 1.         0.05810547 0.13964844 0.11132812\n",
      "  0.07470703 0.15380859 0.18847656 0.10498047 0.12548828 0.05859375\n",
      "  0.11083984 0.06542969 0.10498047 0.11181641 0.06884766 0.25341797\n",
      "  0.10791016 0.13818359 0.13037109 0.16357422 0.09667969 0.09375\n",
      "  0.05029297 0.12988281 0.09326172 0.04296875 0.17236328 0.11035156\n",
      "  0.15087891 0.140625  ]\n",
      " [0.14404297 0.09521484 0.05810547 1.         0.13818359 0.16845703\n",
      "  0.15917969 0.14892578 0.09130859 0.04980469 0.18261719 0.13232422\n",
      "  0.16015625 0.01806641 0.16650391 0.078125   0.09863281 0.078125\n",
      "  0.16992188 0.10205078 0.05175781 0.06689453 0.10351562 0.09423828\n",
      "  0.02880859 0.04736328 0.10253906 0.10302734 0.09130859 0.04394531\n",
      "  0.11572266 0.09960938]\n",
      " [0.08837891 0.29394531 0.13964844 0.13818359 1.         0.10400391\n",
      "  0.09277344 0.12744141 0.18701172 0.08935547 0.02832031 0.1015625\n",
      "  0.07861328 0.13330078 0.14111328 0.09179688 0.07910156 0.15087891\n",
      "  0.12548828 0.07226562 0.10400391 0.03515625 0.06201172 0.05859375\n",
      "  0.10595703 0.10693359 0.10302734 0.04833984 0.10400391 0.08935547\n",
      "  0.08251953 0.11328125]\n",
      " [0.08154297 0.07177734 0.11132812 0.16845703 0.10400391 1.\n",
      "  0.10546875 0.13574219 0.06787109 0.078125   0.11621094 0.10986328\n",
      "  0.18554688 0.16796875 0.08398438 0.12451172 0.06201172 0.09033203\n",
      "  0.1171875  0.12011719 0.08886719 0.09716797 0.08935547 0.10498047\n",
      "  0.1640625  0.16943359 0.08300781 0.109375   0.10986328 0.06591797\n",
      "  0.05126953 0.16552734]\n",
      " [0.12402344 0.06054688 0.07470703 0.15917969 0.09277344 0.10546875\n",
      "  1.         0.09765625 0.07617188 0.1015625  0.08105469 0.14501953\n",
      "  0.08105469 0.10595703 0.09570312 0.11132812 0.09082031 0.15722656\n",
      "  0.14599609 0.14306641 0.07910156 0.1171875  0.11865234 0.05566406\n",
      "  0.08300781 0.09082031 0.10498047 0.07519531 0.06542969 0.04003906\n",
      "  0.07666016 0.12841797]\n",
      " [0.14013672 0.05322266 0.15380859 0.14892578 0.12744141 0.13574219\n",
      "  0.09765625 1.         0.08935547 0.17529297 0.09423828 0.11816406\n",
      "  0.07275391 0.11914062 0.09326172 0.07470703 0.06494141 0.07910156\n",
      "  0.06689453 0.07080078 0.04931641 0.12548828 0.12646484 0.15722656\n",
      "  0.04345703 0.06933594 0.15527344 0.19921875 0.11572266 0.1171875\n",
      "  0.07128906 0.07275391]\n",
      " [0.08056641 0.40478516 0.18847656 0.09130859 0.18701172 0.06787109\n",
      "  0.07617188 0.08935547 1.         0.14208984 0.03173828 0.04980469\n",
      "  0.06201172 0.29052734 0.07470703 0.10595703 0.06494141 0.13476562\n",
      "  0.10498047 0.10888672 0.06201172 0.05664062 0.15917969 0.04980469\n",
      "  0.22216797 0.09619141 0.08447266 0.10742188 0.27246094 0.05859375\n",
      "  0.06689453 0.13037109]\n",
      " [0.01855469 0.09716797 0.10498047 0.04980469 0.08935547 0.078125\n",
      "  0.1015625  0.17529297 0.14208984 1.         0.11962891 0.13623047\n",
      "  0.12597656 0.14208984 0.11328125 0.05712891 0.12939453 0.08007812\n",
      "  0.13085938 0.12695312 0.10498047 0.09619141 0.44140625 0.1171875\n",
      "  0.16064453 0.27490234 0.22119141 0.05517578 0.0703125  0.08349609\n",
      "  0.08007812 0.14111328]\n",
      " [0.17675781 0.15478516 0.12548828 0.18261719 0.02832031 0.11621094\n",
      "  0.08105469 0.09423828 0.03173828 0.11962891 1.         0.18945312\n",
      "  0.10253906 0.046875   0.04248047 0.16650391 0.20654297 0.04980469\n",
      "  0.21435547 0.07763672 0.06591797 0.21337891 0.13769531 0.11572266\n",
      "  0.09472656 0.21435547 0.10693359 0.10205078 0.14648438 0.08203125\n",
      "  0.39013672 0.09521484]\n",
      " [0.14697266 0.06738281 0.05859375 0.13232422 0.1015625  0.10986328\n",
      "  0.14501953 0.11816406 0.04980469 0.13623047 0.18945312 1.\n",
      "  0.07666016 0.08886719 0.14599609 0.10009766 0.17041016 0.0625\n",
      "  0.07275391 0.265625   0.1015625  0.45654297 0.28173828 0.12207031\n",
      "  0.22070312 0.11132812 0.04638672 0.13232422 0.12792969 0.27050781\n",
      "  0.20458984 0.06738281]\n",
      " [0.15380859 0.07324219 0.11083984 0.16015625 0.07861328 0.18554688\n",
      "  0.08105469 0.07275391 0.06201172 0.12597656 0.10253906 0.07666016\n",
      "  1.         0.19628906 0.03759766 0.25732422 0.11279297 0.05322266\n",
      "  0.11328125 0.04980469 0.10986328 0.12304688 0.11523438 0.08837891\n",
      "  0.06201172 0.06689453 0.15087891 0.04638672 0.13378906 0.07519531\n",
      "  0.18164062 0.08544922]\n",
      " [0.06884766 0.56396484 0.06542969 0.01806641 0.13330078 0.16796875\n",
      "  0.10595703 0.11914062 0.29052734 0.14208984 0.046875   0.08886719\n",
      "  0.19628906 1.         0.06787109 0.12841797 0.11914062 0.10009766\n",
      "  0.12304688 0.10839844 0.13720703 0.06298828 0.03564453 0.08105469\n",
      "  0.47949219 0.06884766 0.08691406 0.2265625  0.09033203 0.28662109\n",
      "  0.09667969 0.15380859]\n",
      " [0.13427734 0.05175781 0.10498047 0.16650391 0.14111328 0.08398438\n",
      "  0.09570312 0.09326172 0.07470703 0.11328125 0.04248047 0.14599609\n",
      "  0.03759766 0.06787109 1.         0.1484375  0.05517578 0.10839844\n",
      "  0.05761719 0.13671875 0.10546875 0.10107422 0.09375    0.17529297\n",
      "  0.15429688 0.08789062 0.26123047 0.11279297 0.07080078 0.05664062\n",
      "  0.06689453 0.03027344]\n",
      " [0.18505859 0.07617188 0.11181641 0.078125   0.09179688 0.12451172\n",
      "  0.11132812 0.07470703 0.10595703 0.05712891 0.16650391 0.10009766\n",
      "  0.25732422 0.12841797 0.1484375  1.         0.06494141 0.24169922\n",
      "  0.04345703 0.1484375  0.04003906 0.12011719 0.12353516 0.06933594\n",
      "  0.10400391 0.08740234 0.08789062 0.13671875 0.06005859 0.07470703\n",
      "  0.05664062 0.09716797]\n",
      " [0.30322266 0.18017578 0.06884766 0.09863281 0.07910156 0.06201172\n",
      "  0.09082031 0.06494141 0.06494141 0.12939453 0.20654297 0.17041016\n",
      "  0.11279297 0.11914062 0.05517578 0.06494141 1.         0.11816406\n",
      "  0.06738281 0.19140625 0.1015625  0.05029297 0.15820312 0.10058594\n",
      "  0.15332031 0.14697266 0.19726562 0.08251953 0.046875   0.0546875\n",
      "  0.23339844 0.08789062]\n",
      " [0.29248047 0.11767578 0.25341797 0.078125   0.15087891 0.09033203\n",
      "  0.15722656 0.07910156 0.13476562 0.08007812 0.04980469 0.0625\n",
      "  0.05322266 0.10009766 0.10839844 0.24169922 0.11816406 1.\n",
      "  0.11083984 0.09765625 0.19189453 0.16259766 0.15087891 0.04736328\n",
      "  0.04052734 0.37744141 0.15429688 0.05810547 0.19677734 0.04882812\n",
      "  0.06787109 0.12939453]\n",
      " [0.10742188 0.09375    0.10791016 0.16992188 0.12548828 0.1171875\n",
      "  0.14599609 0.06689453 0.10498047 0.13085938 0.21435547 0.07275391\n",
      "  0.11328125 0.12304688 0.05761719 0.04345703 0.06738281 0.11083984\n",
      "  1.         0.171875   0.12988281 0.06835938 0.13720703 0.11328125\n",
      "  0.19628906 0.09472656 0.29931641 0.09814453 0.07568359 0.11523438\n",
      "  0.07275391 0.11572266]\n",
      " [0.12207031 0.16552734 0.13818359 0.10205078 0.07226562 0.12011719\n",
      "  0.14306641 0.07080078 0.10888672 0.12695312 0.07763672 0.265625\n",
      "  0.04980469 0.10839844 0.13671875 0.1484375  0.19140625 0.09765625\n",
      "  0.171875   1.         0.09912109 0.11035156 0.08642578 0.10742188\n",
      "  0.12597656 0.08203125 0.12109375 0.07324219 0.11425781 0.12988281\n",
      "  0.20214844 0.16259766]\n",
      " [0.06982422 0.05175781 0.13037109 0.05175781 0.10400391 0.08886719\n",
      "  0.07910156 0.04931641 0.06201172 0.10498047 0.06591797 0.1015625\n",
      "  0.10986328 0.13720703 0.10546875 0.04003906 0.1015625  0.19189453\n",
      "  0.12988281 0.09912109 1.         0.10742188 0.17285156 0.51708984\n",
      "  0.15283203 0.03417969 0.29931641 0.10205078 0.06933594 0.06542969\n",
      "  0.07861328 0.11328125]\n",
      " [0.14404297 0.05615234 0.16357422 0.06689453 0.03515625 0.09716797\n",
      "  0.1171875  0.12548828 0.05664062 0.09619141 0.21337891 0.45654297\n",
      "  0.12304688 0.06298828 0.10107422 0.12011719 0.05029297 0.16259766\n",
      "  0.06835938 0.11035156 0.10742188 1.         0.11328125 0.17089844\n",
      "  0.06494141 0.04541016 0.17382812 0.07617188 0.08544922 0.12988281\n",
      "  0.05908203 0.17431641]\n",
      " [0.12109375 0.05566406 0.09667969 0.10351562 0.06201172 0.08935547\n",
      "  0.11865234 0.12646484 0.15917969 0.44140625 0.13769531 0.28173828\n",
      "  0.11523438 0.03564453 0.09375    0.12353516 0.15820312 0.15087891\n",
      "  0.13720703 0.08642578 0.17285156 0.11328125 1.         0.09326172\n",
      "  0.08837891 0.06982422 0.19970703 0.07421875 0.08349609 0.10595703\n",
      "  0.11572266 0.14892578]\n",
      " [0.08691406 0.09277344 0.09375    0.09423828 0.05859375 0.10498047\n",
      "  0.05566406 0.15722656 0.04980469 0.1171875  0.11572266 0.12207031\n",
      "  0.08837891 0.08105469 0.17529297 0.06933594 0.10058594 0.04736328\n",
      "  0.11328125 0.10742188 0.51708984 0.17089844 0.09326172 1.\n",
      "  0.05712891 0.08056641 0.31933594 0.08837891 0.13818359 0.06738281\n",
      "  0.13867188 0.12402344]\n",
      " [0.05419922 0.88818359 0.05029297 0.02880859 0.10595703 0.1640625\n",
      "  0.08300781 0.04345703 0.22216797 0.16064453 0.09472656 0.22070312\n",
      "  0.06201172 0.47949219 0.15429688 0.10400391 0.15332031 0.04052734\n",
      "  0.19628906 0.12597656 0.15283203 0.06494141 0.08837891 0.05712891\n",
      "  1.         0.09423828 0.01171875 0.13085938 0.10644531 0.24462891\n",
      "  0.05419922 0.11328125]\n",
      " [0.28417969 0.078125   0.12988281 0.04736328 0.10693359 0.16943359\n",
      "  0.09082031 0.06933594 0.09619141 0.27490234 0.21435547 0.11132812\n",
      "  0.06689453 0.06884766 0.08789062 0.08740234 0.14697266 0.37744141\n",
      "  0.09472656 0.08203125 0.03417969 0.04541016 0.06982422 0.08056641\n",
      "  0.09423828 1.         0.10644531 0.04785156 0.04833984 0.05957031\n",
      "  0.13085938 0.18847656]\n",
      " [0.08740234 0.05175781 0.09326172 0.10253906 0.10302734 0.08300781\n",
      "  0.10498047 0.15527344 0.08447266 0.22119141 0.10693359 0.04638672\n",
      "  0.15087891 0.08691406 0.26123047 0.08789062 0.19726562 0.15429688\n",
      "  0.29931641 0.12109375 0.29931641 0.17382812 0.19970703 0.31933594\n",
      "  0.01171875 0.10644531 1.         0.11474609 0.15136719 0.11914062\n",
      "  0.06201172 0.10302734]\n",
      " [0.13330078 0.19824219 0.04296875 0.10302734 0.04833984 0.109375\n",
      "  0.07519531 0.19921875 0.10742188 0.05517578 0.10205078 0.13232422\n",
      "  0.04638672 0.2265625  0.11279297 0.13671875 0.08251953 0.05810547\n",
      "  0.09814453 0.07324219 0.10205078 0.07617188 0.07421875 0.08837891\n",
      "  0.13085938 0.04785156 0.11474609 1.         0.07666016 0.05419922\n",
      "  0.07763672 0.14013672]\n",
      " [0.08007812 0.109375   0.17236328 0.09130859 0.10400391 0.10986328\n",
      "  0.06542969 0.11572266 0.27246094 0.0703125  0.14648438 0.12792969\n",
      "  0.13378906 0.09033203 0.07080078 0.06005859 0.046875   0.19677734\n",
      "  0.07568359 0.11425781 0.06933594 0.08544922 0.08349609 0.13818359\n",
      "  0.10644531 0.04833984 0.15136719 0.07666016 1.         0.12695312\n",
      "  0.15576172 0.07177734]\n",
      " [0.06982422 0.23144531 0.11035156 0.04394531 0.08935547 0.06591797\n",
      "  0.04003906 0.1171875  0.05859375 0.08349609 0.08203125 0.27050781\n",
      "  0.07519531 0.28662109 0.05664062 0.07470703 0.0546875  0.04882812\n",
      "  0.11523438 0.12988281 0.06542969 0.12988281 0.10595703 0.06738281\n",
      "  0.24462891 0.05957031 0.11914062 0.05419922 0.12695312 1.\n",
      "  0.13867188 0.15429688]\n",
      " [0.11816406 0.05078125 0.15087891 0.11572266 0.08251953 0.05126953\n",
      "  0.07666016 0.07128906 0.06689453 0.08007812 0.39013672 0.20458984\n",
      "  0.18164062 0.09667969 0.06689453 0.05664062 0.23339844 0.06787109\n",
      "  0.07275391 0.20214844 0.07861328 0.05908203 0.11572266 0.13867188\n",
      "  0.05419922 0.13085938 0.06201172 0.07763672 0.15576172 0.13867188\n",
      "  1.         0.07568359]\n",
      " [0.18603516 0.11035156 0.140625   0.09960938 0.11328125 0.16552734\n",
      "  0.12841797 0.07275391 0.13037109 0.14111328 0.09521484 0.06738281\n",
      "  0.08544922 0.15380859 0.03027344 0.09716797 0.08789062 0.12939453\n",
      "  0.11572266 0.16259766 0.11328125 0.17431641 0.14892578 0.12402344\n",
      "  0.11328125 0.18847656 0.10302734 0.14013672 0.07177734 0.15429688\n",
      "  0.07568359 1.        ]]\n"
     ]
    }
   ],
   "source": [
    "# batch all jobs in a session\n",
    "# with Session(backend=backend) as session:\n",
    "#     kernel._session = session\n",
    "#     kernel._sampler = Sampler(session=session)\n",
    "\n",
    "#     K_train = kernel.build_kernel(X_train, X_train, matrix=\"train\")\n",
    "\n",
    "\n",
    "K_train = kernel.build_kernel(qX_train, qX_train, matrix=\"train\") # train data\n",
    "np.set_printoptions(threshold=np.inf)\n",
    "print(K_train)"
   ]
  },
  {
   "cell_type": "code",
   "execution_count": 33,
   "id": "fa97398e",
   "metadata": {},
   "outputs": [],
   "source": [
    "# import re\n",
    "# import ast\n",
    "\n",
    "# kern = \"\"\"[[1.0         0.15429688 0.04736328 0.14257812 0.15527344 0.05419922\n",
    "#   0.07714844 0.11962891 0.20117188 0.10595703 0.08349609 0.22314453\n",
    "#   0.29003906 0.07958984 0.62695312 0.05810547 0.17822266 0.20361328\n",
    "#   0.15820312 0.10839844 0.08349609 0.19970703 0.08642578 0.37304688\n",
    "#   0.19970703 0.13525391 0.10009766 0.15087891 0.11816406 0.11230469\n",
    "#   0.07568359 0.03466797 0.05566406 0.21875    0.14599609 0.12451172\n",
    "#   0.09082031 0.14990234 0.13867188 0.14355469 0.21044922 0.18310547\n",
    "#   0.20458984 0.20410156 0.12695312 0.19824219 0.04052734 0.13720703\n",
    "#   0.41699219 0.17138672 0.17871094 0.17041016 0.13037109 0.07861328\n",
    "#   0.1328125  0.15869141 0.23925781 0.13574219 0.20458984 0.1484375\n",
    "#   0.125      0.25732422 0.17480469 0.12158203 0.18603516 0.12158203\n",
    "#   0.13818359 0.08691406 0.17529297 0.08496094 0.15917969 0.14501953\n",
    "#   0.16357422 0.26074219 0.17431641 0.17431641 0.17773438 0.09326172\n",
    "#   0.11474609 0.11132812]\n",
    "#  [0.15429688 1.0         0.08251953 0.09375    0.08886719 0.02441406\n",
    "#   0.06005859 0.25097656 0.19238281 0.11376953 0.17822266 0.17773438\n",
    "#   0.14257812 0.06201172 0.05322266 0.0546875  0.13232422 0.15136719\n",
    "#   0.26025391 0.20507812 0.05371094 0.296875   0.08105469 0.09228516\n",
    "#   0.18310547 0.09716797 0.09619141 0.09277344 0.33300781 0.05810547\n",
    "#   0.04492188 0.04980469 0.06933594 0.28564453 0.35791016 0.19482422\n",
    "#   0.08349609 0.14746094 0.26953125 0.10205078 0.13818359 0.13037109\n",
    "#   0.20214844 0.29931641 0.06640625 0.10205078 0.09716797 0.2890625\n",
    "#   0.19384766 0.20068359 0.26025391 0.26660156 0.11474609 0.0859375\n",
    "#   0.08837891 0.2578125  0.11914062 0.19775391 0.125      0.14941406\n",
    "#   0.13427734 0.19482422 0.28808594 0.1015625  0.12646484 0.17041016\n",
    "#   0.23339844 0.19628906 0.09814453 0.08447266 0.23388672 0.26513672\n",
    "#   0.16796875 0.20263672 0.08349609 0.1484375  0.26660156 0.04248047\n",
    "#   0.14892578 0.27490234]\n",
    "#  [0.04736328 0.08251953 1.0         0.1875     0.10498047 0.09521484\n",
    "#   0.09521484 0.12792969 0.13427734 0.13964844 0.15185547 0.11083984\n",
    "#   0.14697266 0.10839844 0.12158203 0.06835938 0.09960938 0.06689453\n",
    "#   0.10302734 0.08984375 0.09570312 0.12939453 0.14208984 0.16162109\n",
    "#   0.11523438 0.11816406 0.08154297 0.38476562 0.20068359 0.10498047\n",
    "#   0.15771484 0.05810547 0.07958984 0.11181641 0.12548828 0.15478516\n",
    "#   0.24462891 0.12988281 0.13330078 0.12304688 0.09570312 0.07080078\n",
    "#   0.1328125  0.12841797 0.0859375  0.13867188 0.40673828 0.16650391\n",
    "#   0.08886719 0.09667969 0.07568359 0.10644531 0.05908203 0.16455078\n",
    "#   0.09960938 0.07373047 0.09375    0.38232422 0.19873047 0.07275391\n",
    "#   0.12255859 0.15185547 0.11035156 0.24951172 0.05761719 0.14160156\n",
    "#   0.15234375 0.13037109 0.13623047 0.18994141 0.09033203 0.10986328\n",
    "#   0.11132812 0.12402344 0.16210938 0.09912109 0.07519531 0.08642578\n",
    "#   0.05908203 0.07568359]\n",
    "#  [0.14257812 0.09375    0.1875     1.0         0.21972656 0.05273438\n",
    "#   0.06445312 0.16650391 0.09423828 0.13525391 0.29443359 0.12792969\n",
    "#   0.15087891 0.10546875 0.18847656 0.04248047 0.15527344 0.16064453\n",
    "#   0.10498047 0.13085938 0.03466797 0.05908203 0.13330078 0.13134766\n",
    "#   0.10498047 0.03759766 0.16308594 0.12011719 0.15820312 0.07666016\n",
    "#   0.03515625 0.04492188 0.04052734 0.09765625 0.12792969 0.171875\n",
    "#   0.1015625  0.3046875  0.14746094 0.17480469 0.10107422 0.09912109\n",
    "#   0.08056641 0.140625   0.13769531 0.06787109 0.11083984 0.21923828\n",
    "#   0.16503906 0.18408203 0.23046875 0.06494141 0.11572266 0.28320312\n",
    "#   0.07617188 0.15478516 0.078125   0.19824219 0.1015625  0.14892578\n",
    "#   0.18652344 0.07128906 0.10742188 0.15673828 0.14746094 0.10986328\n",
    "#   0.15966797 0.13378906 0.08300781 0.13427734 0.06640625 0.36279297\n",
    "#   0.16992188 0.09570312 0.10693359 0.18310547 0.14697266 0.09472656\n",
    "#   0.18066406 0.37597656]\n",
    "#  [0.15527344 0.08886719 0.10498047 0.21972656 1.0         0.04541016\n",
    "#   0.08203125 0.17089844 0.10986328 0.08935547 0.13134766 0.04785156\n",
    "#   0.12988281 0.06396484 0.13134766 0.06445312 0.27832031 0.13525391\n",
    "#   0.06347656 0.09082031 0.15234375 0.04296875 0.08251953 0.109375\n",
    "#   0.18310547 0.11621094 0.09570312 0.08447266 0.13671875 0.08398438\n",
    "#   0.06738281 0.06054688 0.10205078 0.17822266 0.06445312 0.19384766\n",
    "#   0.09472656 0.10302734 0.18310547 0.08837891 0.1171875  0.33398438\n",
    "#   0.12939453 0.19384766 0.28466797 0.17626953 0.08740234 0.12158203\n",
    "#   0.33056641 0.27148438 0.22119141 0.21386719 0.20849609 0.07763672\n",
    "#   0.34863281 0.15917969 0.06591797 0.17089844 0.20556641 0.19189453\n",
    "#   0.171875   0.21728516 0.19140625 0.05517578 0.29638672 0.11425781\n",
    "#   0.24658203 0.18798828 0.09716797 0.18212891 0.17626953 0.20556641\n",
    "#   0.19726562 0.3046875  0.08837891 0.29492188 0.11425781 0.10595703\n",
    "#   0.29052734 0.22265625]\n",
    "#  [0.05419922 0.02441406 0.09521484 0.05273438 0.04541016 1.\n",
    "#   0.17382812 0.05224609 0.03173828 0.04443359 0.09375    0.03759766\n",
    "#   0.08300781 0.09667969 0.05615234 0.18164062 0.05566406 0.06591797\n",
    "#   0.05078125 0.06933594 0.08007812 0.03466797 0.09130859 0.10205078\n",
    "#   0.06054688 0.14160156 0.08398438 0.10595703 0.08496094 0.078125\n",
    "#   0.12402344 0.24902344 0.21484375 0.02978516 0.33251953 0.07910156\n",
    "#   0.08349609 0.07519531 0.05273438 0.11523438 0.05566406 0.12597656\n",
    "#   0.04296875 0.03466797 0.06298828 0.03857422 0.10351562 0.06152344\n",
    "#   0.05566406 0.13476562 0.11083984 0.03662109 0.09375    0.05761719\n",
    "#   0.05957031 0.06591797 0.09326172 0.06005859 0.11474609 0.08837891\n",
    "#   0.08740234 0.06787109 0.04003906 0.08691406 0.13769531 0.0703125\n",
    "#   0.08105469 0.03710938 0.10888672 0.03173828 0.06884766 0.05908203\n",
    "#   0.08251953 0.07373047 0.08105469 0.046875   0.04882812 0.09814453\n",
    "#   0.08837891 0.03369141]\n",
    "#  [0.07714844 0.06005859 0.09521484 0.06445312 0.08203125 0.17382812\n",
    "#   1.0         0.05761719 0.04589844 0.04150391 0.04492188 0.0234375\n",
    "#   0.05957031 0.12402344 0.07763672 0.22802734 0.06445312 0.03955078\n",
    "#   0.05664062 0.06835938 0.14404297 0.02539062 0.19482422 0.10791016\n",
    "#   0.05322266 0.37939453 0.06494141 0.07128906 0.07763672 0.09423828\n",
    "#   0.15185547 0.24316406 0.1796875  0.03808594 0.09765625 0.08496094\n",
    "#   0.06005859 0.04150391 0.03613281 0.06982422 0.11669922 0.06640625\n",
    "#   0.07470703 0.05175781 0.1171875  0.06445312 0.05810547 0.05859375\n",
    "#   0.06787109 0.06982422 0.08984375 0.04931641 0.05859375 0.06298828\n",
    "#   0.08886719 0.05273438 0.06787109 0.07128906 0.07080078 0.06591797\n",
    "#   0.05371094 0.08496094 0.05273438 0.11230469 0.12304688 0.08496094\n",
    "#   0.10595703 0.046875   0.08105469 0.05712891 0.06542969 0.046875\n",
    "#   0.07080078 0.10302734 0.07177734 0.07519531 0.08251953 0.16503906\n",
    "#   0.06152344 0.04443359]\n",
    "#  [0.11962891 0.25097656 0.12792969 0.16650391 0.17089844 0.05224609\n",
    "#   0.05761719 1.0         0.16308594 0.07519531 0.20849609 0.15380859\n",
    "#   0.25537109 0.10351562 0.82226562 0.05761719 0.09619141 0.109375\n",
    "#   0.18798828 0.07714844 0.17529297 0.04150391 0.06201172 0.11962891\n",
    "#   0.15625    0.07128906 0.08105469 0.15039062 0.26464844 0.06298828\n",
    "#   0.05273438 0.0703125  0.07324219 0.03808594 0.12988281 0.20507812\n",
    "#   0.11132812 0.10400391 0.30712891 0.21630859 0.1328125  0.18896484\n",
    "#   0.18994141 0.04150391 0.09667969 0.17431641 0.11132812 0.21337891\n",
    "#   0.28564453 0.23339844 0.20898438 0.07226562 0.18896484 0.08154297\n",
    "#   0.23388672 0.18017578 0.07861328 0.16455078 0.41845703 0.21630859\n",
    "#   0.20605469 0.12646484 0.15087891 0.07519531 0.09228516 0.15136719\n",
    "#   0.14501953 0.16699219 0.09277344 0.09375    0.15527344 0.28564453\n",
    "#   0.22949219 0.12353516 0.06396484 0.13671875 0.09667969 0.07519531\n",
    "#   0.29199219 0.13427734]\n",
    "#  [0.20117188 0.19238281 0.13427734 0.09423828 0.10986328 0.03173828\n",
    "#   0.04589844 0.16308594 1.0         0.02636719 0.1640625  0.54296875\n",
    "#   0.0859375  0.08789062 0.12548828 0.03759766 0.03369141 0.05957031\n",
    "#   0.42333984 0.06445312 0.03613281 0.26757812 0.0625     0.19628906\n",
    "#   1.59960938 0.10107422 0.21582031 0.10986328 0.09667969 0.07324219\n",
    "#   0.05566406 0.03857422 0.06591797 0.56542969 0.07373047 0.27099609\n",
    "#   0.12109375 0.25       0.07373047 0.03271484 0.08886719 0.03515625\n",
    "#   0.22607422 0.58691406 0.11865234 0.09716797 0.06884766 0.13720703\n",
    "#   0.05859375 0.10888672 0.15576172 0.26806641 0.06298828 0.26269531\n",
    "#   0.20654297 0.03808594 0.18212891 0.08056641 0.08300781 0.08105469\n",
    "#   0.05957031 0.10351562 0.42382812 0.33642578 0.21044922 0.11230469\n",
    "#   0.03466797 0.44433594 0.10546875 0.12011719 0.07128906 0.41162109\n",
    "#   0.13134766 0.07666016 0.140625   0.16845703 0.16992188 0.03222656\n",
    "#   0.04980469 0.05761719]\n",
    "#  [0.10595703 0.11376953 0.13964844 0.13525391 0.08935547 0.04443359\n",
    "#   0.04150391 0.07519531 0.02636719 1.0         0.08886719 0.0625\n",
    "#   0.21826172 0.06640625 0.21728516 0.04736328 0.24169922 0.10400391\n",
    "#   0.08203125 0.08007812 0.07568359 0.07617188 0.08496094 0.14404297\n",
    "#   0.07958984 0.06738281 0.04931641 0.06787109 0.24902344 0.05810547\n",
    "#   0.04150391 0.04785156 0.12597656 0.08935547 0.15576172 0.16064453\n",
    "#   0.13623047 0.40087891 0.08300781 0.32763672 0.10888672 0.14453125\n",
    "#   0.06494141 0.06787109 0.10546875 0.10986328 0.06054688 0.12060547\n",
    "#   0.16455078 0.20800781 0.171875   0.23730469 0.16894531 0.14941406\n",
    "#   0.34472656 0.27050781 0.07861328 0.08691406 0.14941406 0.28222656\n",
    "#   0.21679688 0.07519531 0.11865234 0.10351562 0.11523438 0.29736328\n",
    "#   0.21044922 0.23339844 0.16943359 0.14453125 0.07861328 0.19091797\n",
    "#   0.10058594 0.07373047 0.06933594 0.20996094 0.30908203 0.10253906\n",
    "#   0.15478516 0.19042969]\n",
    "#  [0.08349609 0.17822266 0.15185547 0.29443359 0.13134766 0.09375\n",
    "#   0.04492188 0.20849609 0.1640625  0.08886719 1.0         0.09472656\n",
    "#   0.07421875 0.09130859 0.21972656 0.09277344 0.12109375 0.06933594\n",
    "#   0.12451172 0.09863281 0.09521484 0.14990234 0.07324219 0.14892578\n",
    "#   0.1484375  0.10302734 0.10058594 0.05566406 0.18359375 0.11035156\n",
    "#   0.09033203 0.04638672 0.04003906 0.08398438 0.1328125  0.11132812\n",
    "#   0.09619141 0.11376953 0.16455078 0.09619141 0.10351562 0.10058594\n",
    "#   0.10253906 0.0859375  0.08300781 0.0859375  0.06054688 0.30322266\n",
    "#   0.18212891 0.18359375 0.10742188 0.22705078 0.10791016 0.05810547\n",
    "#   0.21386719 0.28173828 0.13574219 0.09667969 0.13818359 0.09619141\n",
    "#   0.29052734 0.12988281 0.09619141 0.09667969 0.08496094 0.14892578\n",
    "#   0.140625   0.14355469 0.13427734 0.10400391 0.09326172 0.12060547\n",
    "#   0.14257812 0.09423828 0.05957031 0.07470703 0.12304688 0.07519531\n",
    "#   0.09619141 0.18896484]\n",
    "#  [0.22314453 0.17773438 0.11083984 0.12792969 0.04785156 0.03759766\n",
    "#   0.0234375  0.15380859 0.54296875 0.0625     0.09472656 1.\n",
    "#   0.07666016 0.13476562 0.09814453 0.05126953 0.21484375 0.04345703\n",
    "#   0.45800781 0.13378906 0.03271484 0.60791016 0.06005859 0.19433594\n",
    "#   0.68017578 0.10107422 0.31835938 0.12548828 0.11279297 0.07763672\n",
    "#   0.06640625 0.04101562 0.06005859 0.54394531 0.17871094 0.21484375\n",
    "#   0.06201172 0.2421875  0.07177734 0.19140625 0.10595703 0.04541016\n",
    "#   0.20703125 0.67626953 0.11425781 0.08837891 0.12695312 0.09765625\n",
    "#   0.07861328 0.45458984 0.16162109 0.43603516 0.08837891 0.13916016\n",
    "#   0.23535156 0.05273438 0.17773438 0.04736328 0.10302734 0.11035156\n",
    "#   0.07861328 0.14306641 0.59082031 0.65917969 0.03662109 0.09179688\n",
    "#   0.25244141 0.56201172 0.11328125 0.02441406 0.0625     0.18017578\n",
    "#   0.1171875  0.12792969 0.16650391 0.16699219 0.16552734 0.04345703\n",
    "#   0.08886719 0.18945312]\n",
    "#  [0.29003906 0.14257812 0.14697266 0.15087891 0.12988281 0.08300781\n",
    "#   0.05957031 0.25537109 0.0859375  0.21826172 0.07421875 0.07666016\n",
